00000000 00000000 00000000 00000000 00000000 00000000 00001000 00000001
00000000 00000000 00000000 00000000 00000000 00000000 00001000 00000010
00000000 00000000 00000000 00000000 00000000 00000000 00001000 00000011
00000000 00000000 00000000 00000000 00000000 00000000 00000000 00000000
00000000 00000000 00000000 00000000 00000000 00000000 00010000 00000000
00000000 00000000 00000000 00000000 00000000 00000000 00010000 00000000
00000000 00000000 00000000 00000000 00000000 00000000 00010000 00000000

1110110110000111 1000000001011110 10100000000101111010000000010111

1111100100000010
1111100000000110