[
    63744,
    65535,
    65535,
    63,

    63744,
    65535,
    65535,
    63,
    
    63744,
    65535,
    65535,
    63,

    63744,
    65535,
    65535,
    63,

    63744,
    65535,
    65535,
    63,
    
    63746,
    65535,
    65535,
    63,

    63746,
    65535,
    63,

    63746,
    65535,
    65535,
    63,

    63490,
    65535,
    65535,
    63,

    63488,
    65535,
    65535,
    63,

    63492,
    65535,
    65535,
    63,

    63488,
    65535,
    65535,
    63,

    63494,
    65535,
    65535,
    63,

    63488,
    65535,
    65535,
    63,

    63744,
    65535,
    65535,
    63,
]